275493837 7756984 7.0
121789795 5352889 8.88
63007124 7033500 17.07
275490626 9025444 49.53
171098535 5561963 2.85
63210277 8099075 24.32
351803000 7584332 31.9
170253623 6228783 26.35
158791870 7517679 19.91
164724054 10124839 34.28
122684770 3643810 13.41
121457565 3633847 10.69
273582401 8972956 20.35
267991320 10684727 16.77
137218354 3747118 8.74
184089663 4761031 25.83
272370950 8179896 29.92
159172008 10006576 27.92
121659832 5264764 12.83
138728898 5022454 6.72
169460055 5384707 35.17
169466444 6306891 48.73
122213500 2845689 13.56
63209318 8432040 2.67
120963553 2556702 18.22
267746802 12010753 17.28
271165094 9595170 51.41
27395090 11197664 14.65
298964604 11237492 21.35
270608620 6611940 25.19
185058148 8264427 6.41
271426791 9226959 2.81
273687618 9172572 28.95
272719990 8574353 2.19
239227465 5809758 10.68
27186774 11512772 16.14
271538184 7129992 11.96
121215119 4142809 29.9
121939294 3946300 16.22
352013209 8938427 18.22
185058255 8330380 27.59
170344764 5473615 7.7
378084176 3658536 25.63
120422997 5344075 22.04
63075888 8300087 23.68
270856793 9028495 16.35
26597576 11192119 15.34
158412743 10394802 27.73
121329643 5520881 25.98
351055098 2162377 3.56
120890400 1996773 8.6
137408312 6205481 3.72
267671733 11911283 11.19
279916031 7016864 18.66
271547585 9839696 22.4
158936101 9764489 10.5
121939266 3946262 18.22
239225673 5207114 40.21
27389081 11920493 0.84
121785547 4355362 20.01
138725623 5630581 38.72
360022896 6059860 3.32
417676374 11188956 22.11
184090759 5113809 1.54
169458817 5122110 16.68
272596433 9963255 1.37
270701679 8435699 12.11
63368484 7365528 10.51
122519173 3542117 22.78
271671073 7375418 16.6
271538204 7129959 3.2
273048382 10420031 11.11
159721038 8429280 1.18
63291536 10536761 5.62
271959015 7376732 1.85
120424807 4242514 31.52
270705471 7206808 3.83
169460296 5470396 15.09
271882234 9228734 2.38
158211179 9940621 13.3
171097828 5648491 2.7
272843671 9964565 25.49
159387867 8881476 17.73
399793859 3424763 29.86
273684707 9788062 12.12
26749760 10977830 8.23
137762577 4750012 17.05
171092157 6468409 23.38
184555191 4284493 17.89
299218911 12009511 3.54
137317669 3236302 8.01
416634984 10753811 6.32
158491145 9701450 38.18
299218360 12254845 11.72
273875308 10489544 17.58
122516532 2299540 25.94
121107688 4732363 17.44
267673950 12784183 18.17
270863295 6956092 7.97
169460249 5470414 38.81
164652676 8608312 1.45
28230926 10748458 19.08
27396955 11769765 12.32
170735548 5817457 17.24
272598447 10547685 2.78
27847908 11360739 45.36
417678587 12158378 19.22
351194310 12317663 13.78
159650508 7820558 10.03
159105692 7816142 17.38
159761678 9153823 1.45
122713327 5184740 42.9
268606389 8191020 1.68
298969635 12253019 18.71
184416995 4178645 14.48
272598130 10483447 24.86
424865046 10732086 3.15
164886579 6504558 32.97
239276119 8912338 35.62
164889747 8351156 22.31
184090705 5113843 28.06
399826070 11446143 43.53
159717504 7199036 0.57
121276464 3221638 1.18
268607996 8454354 6.4
267672881 12354360 16.42
239290060 8587787 24.88
270696609 10146119 2.99
121327910 4548654 19.33
268380764 9970838 0.96
137403018 4159288 6.24
184087631 4175473 7.59
63070333 10666012 3.91
122224359 3230050 19.09
139037063 3459113 40.64
271040166 10081918 33.12
159448893 7523785 6.42
120693506 3098263 1.03
137483595 3749389 8.52
272489007 8112006 9.73
298964764 11183754 24.28
26584032 11244552 9.44
184561778 6059649 8.54
120572101 3425393 17.91
239233636 9489970 16.37
170644282 4862742 18.65
122300188 5357530 32.43
137687454 3448323 17.78
159717535 7198881 0.57
172423352 5567065 15.78
123202973 8408783 14.09
158431839 7431709 15.37
273685880 9543658 2.24
267746242 12255990 12.05
138297284 5966043 7.75
350814367 11702167 18.58
172422364 5738091 29.92
271881484 9414381 47.63
121989139 3946749 14.98
272179248 7133395 10.05
137975419 3449953 40.96
164724031 10192231 27.81
27389086 11920526 24.84
270949369 7041883 17.94
272606423 8702985 10.69
267672347 12156630 6.46
158322383 10129332 11.48
137218360 3747163 6.86
159720797 8364115 7.86
378088842 5197637 8.25
121121678 4247816 13.5
120423008 5344087 27.48
137319639 3955253 18.46
27187836 11869048 4.88
267991272 10684697 31.38
272279258 10285642 31.09
267673222 12507882 24.88
120963587 2556755 1.84
268160328 8052016 2.61
273872616 10160534 9.94
121791951 5867346 20.24
158322401 10129425 22.93
63004671 7033421 10.02
158412765 10394803 37.26
164889773 8416357 38.95
271041315 9716502 9.76
172374895 5651627 11.56
268380762 9970883 14.06
158113609 9007953 13.1
399827186 10785374 14.38
271424552 9899193 5.43
122712080 5703160 9.33
268299625 7914816 22.46
164413094 7177589 33.97
63363436 9282882 20.99
184427915 5807731 6.09
268303870 8322564 22.27
275489401 9468247 23.09
121083941 2696734 8.48
351058805 3236385 17.0
184008377 5803540 16.13
270698948 9347066 29.92
164459822 8146507 23.83
240185639 6695363 36.27
170251754 6388011 15.9
121276964 2837133 22.77
137342304 6442389 18.85
164670612 8935644 3.64
138638653 6293204 4.99
27845847 11873696 41.52
138221966 6290740 15.16
120628336 3729742 30.8
272078285 10350396 13.05
121329615 5520896 13.44
171882065 5736188 10.46
271352122 8894525 10.73
268486861 7708454 40.12
184419592 4853320 20.73
27773755 11200213 27.26
159717530 7199013 0.57
27396952 11769856 19.08
270860449 7897915 5.61
122714010 4921578 6.27
121947148 5090873 32.5
267667537 11284655 11.47
63006660 6863158 34.72
184089630 4760952 8.48
158726012 7882003 8.59
267673203 12507868 19.41
270619467 10016032 5.98
169458210 4946469 5.68
26751525 11032019 15.73
137342376 6442378 19.48
239276041 8844761 20.71
272176847 7766241 7.45
270517404 10015569 26.54
159377090 7678417 39.92
170652272 6310107 42.69
271426590 9289250 41.91
239309561 9117914 15.91
158491428 9579191 14.3
121598939 5437459 13.19
273690159 8644204 2.32
159054092 9885552 6.06
159105715 7816211 0.29
417679508 12603079 19.42
378083841 3557836 3.84
271969225 8245328 17.72
272841246 10613792 31.54
267744956 12784578 21.89
299218902 12009504 9.43
122516443 2156848 16.14
27531488 11515276 5.96
159220432 7954995 17.56
184296206 5027658 11.77
164413746 7662428 4.64
120424818 4242491 16.05
271167614 10411806 11.88
417678591 12158399 6.7
271046775 8036272 18.67
184014093 4072765 24.95
63009779 8165762 29.92
121276991 2837126 34.62
63129347 9527035 36.36
120629843 2692672 37.03
138430675 6370632 20.15
272939683 8446325 18.54
272598162 10483427 15.1
164833828 10259462 23.86
399954026 11342399 28.84
63449077 8302223 9.73
272598271 10482948 13.0
169456067 4489036 16.58
137977773 2450531 25.14
27390507 11461767 14.92
121656782 3534605 7.6
159051232 10005772 9.8
120629872 2692704 14.9
137402084 3749348 1.41
158839311 10527793 7.82
164781108 9696331 22.61
120684614 4544623 3.51
351054992 2162268 11.15
416266231 12155948 16.11
272176804 7766294 18.33
120890382 1996721 32.52
290035579 10794405 24.32
158389986 7879384 11.48
268607906 8454322 18.44
270619213 9955316 35.78
267673971 12784208 22.5
63366156 8235498 17.73
290032667 12207153 30.51
120767822 5689517 10.47
378088798 5197666 22.05
26748604 11404836 11.46
28230896 10748312 13.95
271047747 7760730 9.9
275488103 10014558 9.62
184087603 4175398 31.56
273374778 10355856 4.49
27911953 11973975 40.91
184246988 5027600 22.13
274031107 6889274 2.84
169819123 6146008 10.87
121393797 4144238 3.72
121988914 4049158 42.53
352010368 7264976 12.39
27695477 12366719 2.9
290034953 11135108 16.71
121729613 6032666 32.61
352012006 8285312 3.26
26584061 11244453 8.97
137551815 4160250 16.24
123201162 7090649 8.2
275574079 8957023 43.99
272071985 8700573 21.18
407001891 11026925 18.57
299097278 12506434 7.94
27645331 10610121 20.23
272078312 10350419 27.75
122227016 4459146 25.24
122300895 5094301 18.9
399825114 12004955 9.12
351071981 6123381 19.33
27232055 12018656 14.84
159767208 7199351 16.57
299032942 10789964 21.9
164646290 6669790 21.87
268302452 8189299 10.29
298969209 12056558 19.61
270520275 9026472 15.62
272943796 7548035 4.92
270517307 10079226 15.69
137342302 6442367 7.1
158559688 9333505 36.73
272281165 10482821 30.73
169466388 6307013 11.27
351191410 11465855 5.33
27778168 12316635 43.81
267745242 12646458 4.7
159447406 6945017 24.75
27846077 11823775 21.82
137341583 6204758 33.66
63367836 7610128 8.11
120893534 4245945 0.82
416528984 10818583 3.48
26657000 11714279 11.07
158983345 10068507 12.48
27455407 11970698 16.18
164670606 8935655 2.0
137408433 6285677 7.01
405688132 11600907 29.09
169561298 4770707 44.12
417676649 11295382 5.78
159301242 9827094 3.3
27773745 11200185 4.36
399867682 11498538 3.34
121395047 3329643 23.27
137549603 3345693 11.96
158632915 6679442 13.09
123201168 7090654 2.0
28359792 10750109 15.64
273372356 9786062 3.25
164670595 8935630 29.64
243273259 10785357 46.23
123310578 10119471 2.77
169461844 5812654 17.91
169815697 5385792 4.85
273035147 7700709 16.86
159172010 10006542 30.9
171097811 5648400 6.8
272941440 8045129 10.96
243272477 11234457 18.73
272176810 7766271 9.98
350812983 10964344 22.51
121941187 4914882 4.96
273046708 10485184 8.14
273379449 9786893 10.29
159717485 7199037 0.57
272720008 8574423 4.62
164671139 8608348 27.83
121327452 4249145 1.52
271668166 8176536 24.34
122707726 5530974 24.15
26960277 11033086 10.34
26538131 11029516 21.14
271044324 8760445 10.42
184089709 4761046 40.69
26960890 10801344 17.49
39893142 5398063 21.51
158632882 6679451 26.61
164726320 8738229 31.32
123495695 9753740 19.81
270696968 10016239 4.89
27648539 11516240 15.01
27843903 12418959 0.78
121213778 3328418 10.46
185058205 8264548 19.87
164557732 10453357 18.56
122375663 2847416 33.03
424814835 11763820 48.06
158317151 7103006 4.73
172769303 5397064 43.15
271044311 8760461 19.13
164523042 9264619 21.01
158173343 9392694 12.56
417676636 11295395 26.75
26749607 11031746 1.21
240178277 9893496 25.24
417676629 11295383 21.88
270957485 9655172 11.11
243272106 11393383 29.01
184555203 4284458 4.16
272843659 9964662 13.53
258202632 6020929 8.02
271969768 8377598 40.31
273589975 9726785 40.15
27014610 12066620 1.1
417678592 12158408 6.64
159098206 8424593 13.87
159650667 7751017 3.62
27390457 11461798 30.23
26752147 11246357 17.9
164778770 8350026 3.6
270860512 7897895 21.84
26419185 11506841 37.59
290033001 12011636 18.37
270696992 10016262 20.89
299218388 12254814 1.83
164456471 10517362 13.37
27778157 12316586 17.68
406949085 11241120 45.94
271042432 9349202 29.46
121022767 2285598 37.06
26752154 11246353 11.02
270701667 8435766 12.59
48448667 11390683 19.89
123230837 7730305 4.09
272280783 10612448 20.26
158420853 8288363 4.88
172423383 5567231 38.37
271426558 9289275 11.39
267673278 12507728 28.92
121327929 4548647 17.83
394177220 4255487 7.67
120043827 5341666 34.62
399825095 12004954 19.73
184419029 4672900 40.26
275489398 9468242 15.36
240177177 10473049 27.67
272944302 7382228 37.65
121108497 4996722 23.12
121395049 3329839 16.15
270698332 9592725 19.53
377780786 11904330 21.56
26656591 11560431 3.08
48305562 10961247 26.97
272607848 8379927 17.26
399826075 11446140 47.41
164883261 8545457 40.61
290033328 11861997 15.73
172422313 5738138 41.02
275488769 9713432 21.68
271548021 9959608 7.51
164654552 9202960 39.59
27533798 12167086 44.95
416267318 12600863 12.47
120319948 5771956 35.73
158989428 8423789 26.85
27006550 11967633 42.69
120252024 5599658 12.61
169456040 4489051 33.79
137218416 3747181 13.88
299154648 11502240 3.1
164729491 6757637 12.11
271969239 8245295 21.63
394179293 3228918 0.3
271261408 7691457 12.1
184296177 5027715 43.94
122714288 4833367 14.24
123199213 7500161 26.8
121107718 4732422 15.41
272281141 10482835 24.6
237158768 5597604 35.26
270608640 6611875 25.35
172423418 5567165 34.28
164778105 7943764 9.87
171098521 5562069 47.77
158273158 9760362 17.95
171974503 5651496 26.78
164458205 9201481 12.31
159107687 8554446 13.66
406949076 11241109 54.54
169458214 4946401 33.97
416280997 12255339 23.04
164778117 7943762 16.01
169078508 4768671 21.94
164668179 10454113 14.45
26960898 10801273 29.23
270864104 6699598 16.71
271432402 7692454 16.69
169078826 4768794 20.73
273377739 10224595 56.53
273377737 10224611 33.11
121456902 3223000 4.89
164725641 9203794 52.27
377780897 11854100 25.55
271047516 7830503 1.63
121123220 3733735 2.57
139034088 4277623 47.67
122225430 3640967 35.35
123314471 7417813 53.79
158794983 7023973 31.66
185057638 8197790 11.25
48131885 10959566 31.24
271040920 9837504 26.9
122713992 4921615 26.81
121214976 4043389 38.63
298787492 12453925 1.67
406948535 11026764 34.0
417678593 12158395 6.61
377782358 11018874 0.99
123125310 7335017 11.65
164410488 7871531 35.36
121658841 4736074 20.92
171968846 6471174 3.1
272368214 8766268 6.66
299161182 12506514 25.62
159717479 7199010 0.57
169822968 6065223 1.18
159716868 6947095 29.95
184247023 5027650 26.85
122063708 4738909 18.71
120252038 5599675 13.11
159171617 9826171 10.72
122447460 4831454 5.15
272279823 10482041 25.07
122447446 4919905 4.16
273875104 10553769 1.27
270856781 9028413 16.39
158555974 7515645 11.94
272176842 7766306 11.95
122224343 3230069 26.15
27912008 11973944 6.31
399827819 10966172 28.45
27686807 12316078 6.63
138430992 6291729 36.73
170652304 6310128 27.58
158725527 7673177 29.33
63368768 7284744 15.98
184009788 5288041 27.22
269121608 8056286 2.88
123229796 8408982 7.36
123495703 9693116 15.2
122139660 4740598 9.47
26540657 11244150 8.99
171089241 5903162 9.47
26962077 10979653 15.89
137151302 3544635 31.32
122295331 5442808 7.01
272951547 7466105 20.81
159225872 10070799 10.65
271256122 9226004 3.85
138638730 6292949 1.8
63370087 6694227 17.05
26417170 10796663 7.3
137218769 3545170 1.15
121947430 5002869 36.51
123125314 7335019 11.81
27911635 12072958 5.17
239306651 8394724 18.64
120319937 5771915 9.44
26474701 12307574 0.61
138037132 2860930 5.98
171096753 5818756 7.99
271260122 8037296 7.95
377912425 6293275 17.14
123206318 10514084 27.77
273872934 10226382 31.4
273036537 7976727 25.41
159573276 6859806 5.18
169561225 4770674 4.56
48304595 10960783 4.32
171971952 6071791 2.67
158552258 7350067 3.51
172424945 5308886 6.45
299218364 12254821 28.1
271355218 9898811 6.28
273374795 10355880 15.28
267671122 11658610 14.89
299159072 11657079 3.9
48450389 10963092 17.99
271040790 9837556 10.27
159652392 7115733 18.66
27638872 12417320 27.53
399954033 11342472 34.52
272609295 8044016 4.1
137637251 2164726 1.41
184561811 6059644 19.68
271040165 10081993 7.01
350810468 11454122 19.93
351910775 8804962 0.9
299028973 12352170 10.78
271547915 9899449 1.34
275490612 9025367 3.33
27685076 11822576 16.56
27647525 11253301 22.48
120765034 4039966 5.93
121215370 4351367 11.32
171878288 5130771 18.13
184299870 3973209 19.26
164677568 8673571 15.48
352012766 8740221 52.84
137762638 4750043 8.24
271769821 8505485 15.53
120684955 4818462 29.74
27846030 11873674 30.16
164416613 9693506 10.75
267746195 12255968 20.6
27188060 11919419 22.24
424868186 11713703 24.54
26417372 10860740 22.96
26541111 11402942 23.6
171882778 5821056 0.56
27006972 11818027 2.51
273377758 10224610 6.88
274127438 8451777 1.52
158791857 7517793 12.0
137151333 3544657 3.49
185059472 8525606 13.59
137219181 3342325 27.25
27083004 11717716 14.54
158112034 9514879 12.82
158625868 9640760 28.01
27778183 12366991 62.5
164670857 8737625 6.74
272074970 9475919 8.85
27006864 11817752 15.24
170647110 5388485 6.82
27188798 12165032 18.5
271669136 7902001 1.19
185186948 8916411 0.88
123316322 7008115 36.28
159105727 7816137 36.94
416634987 10753707 28.24
138639246 6131552 4.94
121865157 5177475 25.29
27082993 11768026 16.77
169079441 4945547 25.11
185186993 8916469 33.01
122508005 2010577 31.86
185058156 8264418 30.8
159580239 8816832 10.12
164557696 10453350 3.17
271966164 7542858 27.58
407001900 11026927 28.69
123314467 7417786 8.13
171971612 6153404 19.22
158412633 10459987 6.09
394172613 6278829 1.16
120577867 6188162 8.05
27007362 11665627 23.58
270860320 7966705 8.6
298966019 10657799 20.71
171972002 6072164 28.36
394176548 4554789 36.73
271253839 9898405 20.53
298784838 11182897 13.98
271427268 9098294 20.12
137219948 2990192 11.54
158725917 7881991 35.32
267673321 12555779 25.07
120576694 6187888 21.03
159098228 8424542 4.54
158276907 7669332 16.06
272279242 10285655 27.87
48448923 11231375 25.21
63366436 8167962 32.44
270700618 8823902 29.26
122684761 3643774 14.01
138891897 4378621 17.8
271044305 8760485 12.0
270949356 7041882 13.35
122607182 3232835 0.22
159650635 7751003 14.93
272489244 8180001 8.44
399827121 10850420 9.25
122598239 6039091 21.65
169461813 5812648 4.04
139157246 5802784 2.61
271883140 9033497 18.18
120251681 5342574 15.77
120637232 2692708 29.88
26962019 10979644 32.75
171510837 6470422 11.96
169460098 5384782 3.45
120891202 2694746 0.33
122300872 5094276 13.3
159767168 7199436 27.48
123446498 10516029 24.84
159220348 7885558 17.95
27913680 11570051 28.97
271164740 9472134 29.84
271355239 9898800 3.93
164892049 9697454 26.33
120764870 3938103 26.27
184246989 5027606 23.1
26584063 11244496 2.02
184419059 4672795 15.94
48504458 11495571 13.64
27914869 11255531 1.69
120576734 6187864 25.23
171971904 6071998 6.36
272272592 8507979 1.22
26413174 12208507 11.96
122712104 5703256 19.2
272496017 9782847 11.41
184089642 4761142 24.86
122447493 4831272 11.21
137627217 5962223 13.69
63120378 7201168 9.12
121941130 4914938 10.78
243271623 11652870 7.47
399954267 11499453 7.29
351191418 11465860 4.35
272599056 10613242 4.01
351052508 1434286 11.98
273048390 10419991 25.16
184555235 4284521 5.21
27845858 11873607 9.02
164890237 8610382 4.77
63368123 7530674 18.27
159726154 10338245 24.96
120499517 3936317 20.44
407001914 11027000 15.85
158791881 7517686 23.84
159306676 7677767 28.42
27456276 11719920 25.43
267673974 12784174 14.45
164677569 8737920 26.0
137815739 3240559 19.81
378088846 5197672 27.94
272839443 10155590 19.8
159580373 8816881 14.08
377780896 11854163 25.12
272720402 8703914 25.41
273574191 7630663 41.4
158721684 7106833 11.51
158664619 9641301 13.74
164729751 6586004 31.03
377780792 11904271 9.77
170347650 4949894 8.1
138098455 6447465 20.94
273038357 8382075 10.27
122297175 6359017 7.78
239227383 5724339 16.6
243271721 11601532 27.51
298834301 12104999 11.21
424814853 11713459 22.67
273038354 8382253 1.26
268706848 10427308 20.23
169079320 4945639 23.67
27240489 11513672 31.05
158731733 10527150 28.75
138638759 6292970 3.62
243272884 10965642 11.71
159513076 9339450 19.55
350813390 11179743 16.66
159726157 10338343 14.42
279918203 11391702 17.16
299152980 12204305 6.88
275576204 9834255 65.16
290032773 12158032 20.28
27776588 11923356 14.13
272279920 10482010 11.54
158321856 9821105 21.05
169466425 6306941 3.3
63368875 7202953 29.38
27457630 11357658 19.57
28449273 11099299 22.57
275489439 9468214 32.63
271254712 9656371 10.88
299219045 11959605 14.25
268302384 8189251 1.39
63072268 9770983 19.62
272280786 10612424 36.06
270705470 7206837 4.07
122300184 5357446 3.56
164654528 9202950 33.62
120043853 5341647 29.73
273376049 10616716 29.09
159107234 8359544 22.46
123414877 6752578 0.26
121785583 4355503 5.45
270700647 8758552 44.18
28082949 12122143 35.66
352010751 7510447 28.01
164654558 9202954 36.28
121460929 5436582 16.86
185058151 8264599 20.46
275493752 7756549 30.59
